Training log: coordination
============================================================
Loading occurrence data...
Loading multimedia data...
Image sources: 30208 local | 375 URL fallback
Before cleaning: 30583 samples
After cleaning: 28477 samples, 241 species
Train: 19933 | Val: 4272 | Test: 4272

Model:      coordination
Device:     cuda
Epochs:     100
LR:         0.0001
Loss:       FocalLoss
Seed:       42
Checkpoint: checkpoints/best_model_coordination.pth
Trainable parameters: 5,556,973

Epoch    Total Loss   Cls Loss     Con Loss     Train Acc    Val Loss     Val Acc   
--------------------------------------------------------------------------------
1        5.2591       4.9348       6.4858       8.01         4.6193       14.98     
2        4.2014       3.8799       6.4300       23.61        3.5375       31.95     
3        3.3104       2.9890       6.4276       37.20        2.7970       45.51     
4        2.6665       2.3459       6.4112       48.30        2.2856       54.10     
5        2.1942       1.8743       6.3990       56.06        1.9175       59.41     
6        1.8249       1.5058       6.3815       62.39        1.6545       64.33     
7        1.5407       1.2224       6.3655       67.45        1.4553       67.72     
8        1.3285       1.0110       6.3483       71.71        1.3296       69.73     
9        1.1443       0.8274       6.3367       75.63        1.2094       72.52     
10       1.0080       0.6918       6.3227       78.33        1.1309       74.16     
11       0.8894       0.5742       6.3050       81.08        1.0597       75.89     
12       0.7852       0.4706       6.2924       83.97        1.0157       77.22     
13       0.7066       0.3927       6.2784       85.91        0.9752       78.44     
14       0.6479       0.3346       6.2670       87.37        0.9646       78.18     
15       0.5929       0.2801       6.2563       89.02        0.9501       79.38     
16       0.5462       0.2339       6.2453       90.70        0.9146       79.63     
17       0.5124       0.2006       6.2348       91.36        0.9342       80.24     
18       0.4869       0.1759       6.2208       92.29        0.9088       80.36     
19       0.4615       0.1509       6.2107       93.19        0.9088       80.57     
20       0.4420       0.1322       6.1964       93.85        0.8969       81.62     
21       0.4271       0.1176       6.1896       94.39        0.9057       81.09     
22       0.4174       0.1085       6.1783       95.01        0.9149       80.95     
23       0.4010       0.0925       6.1707       95.54        0.8877       81.23     
24       0.3910       0.0831       6.1578       95.63        0.9044       81.23     
25       0.3863       0.0788       6.1497       96.25        0.9071       81.51     
26       0.3810       0.0741       6.1382       96.31        0.9040       81.72     
27       0.3732       0.0666       6.1322       96.46        0.9203       81.30     
28       0.3679       0.0618       6.1216       96.69        0.9450       80.90     
29       0.3553       0.0496       6.1143       97.30        0.8988       81.79     
30       0.3489       0.0434       6.1093       97.62        0.8879       82.44     
31       0.3420       0.0369       6.1018       98.04        0.8821       82.44     
32       0.3424       0.0376       6.0958       98.05        0.8836       82.26     
33       0.3389       0.0345       6.0870       98.14        0.8824       82.72     
34       0.3388       0.0349       6.0787       98.02        0.8935       82.14     
35       0.3376       0.0338       6.0752       97.99        0.8939       82.44     
36       0.3385       0.0352       6.0654       98.08        0.8863       82.44     
37       0.3327       0.0297       6.0608       98.46        0.8824       82.37     
38       0.3279       0.0251       6.0565       98.57        0.8685       83.17     
39       0.3263       0.0236       6.0535       98.70        0.8724       82.40     
40       0.3259       0.0235       6.0471       98.78        0.8715       82.58     
41       0.3248       0.0226       6.0444       98.86        0.8693       82.87     
42       0.3259       0.0239       6.0414       98.67        0.8778       82.87     
43       0.3219       0.0201       6.0355       98.98        0.8702       83.08     
44       0.3211       0.0194       6.0351       98.95        0.8633       83.15     
45       0.3214       0.0198       6.0327       98.88        0.8657       83.12     
46       0.3207       0.0191       6.0318       98.92        0.8661       83.08     
47       0.3216       0.0203       6.0272       98.90        0.8666       83.01     
48       0.3196       0.0183       6.0253       99.06        0.8662       83.12     
49       0.3186       0.0175       6.0229       99.01        0.8636       83.59     
50       0.3202       0.0192       6.0205       98.87        0.8641       83.36     
51       0.3166       0.0155       6.0217       99.17        0.8667       83.45     
52       0.3171       0.0161       6.0205       99.04        0.8671       83.08     
53       0.3168       0.0160       6.0165       99.19        0.8724       83.10     
54       0.3180       0.0172       6.0172       99.00        0.8740       82.94     
55       0.3167       0.0159       6.0162       99.10        0.8698       83.10     
56       0.3167       0.0160       6.0144       99.09        0.8681       83.17     
57       0.3164       0.0157       6.0147       99.10        0.8716       82.91     
58       0.3175       0.0169       6.0130       99.12        0.8694       83.19     
59       0.3178       0.0172       6.0132       99.06        0.8684       83.36     
60       0.3177       0.0170       6.0136       99.11        0.8675       83.43     
61       0.3165       0.0159       6.0116       99.10        0.8673       83.33     
62       0.3171       0.0165       6.0122       99.11        0.8684       83.05     
63       0.3164       0.0158       6.0119       99.14        0.8692       83.31     
64       0.3156       0.0151       6.0109       99.18        0.8686       83.22     
65       0.3160       0.0155       6.0104       99.13        0.8697       83.22     
66       0.3172       0.0166       6.0120       99.02        0.8690       83.17     
67       0.3170       0.0164       6.0107       99.14        0.8691       83.15     
68       0.3160       0.0155       6.0106       99.09        0.8719       83.22     
69       0.3175       0.0170       6.0094       99.07        0.8694       83.19     
70       0.3161       0.0156       6.0100       99.18        0.8671       83.31     
71       0.3152       0.0146       6.0105       99.20        0.8677       83.31     
72       0.3186       0.0181       6.0104       99.02        0.8668       83.24     
73       0.3156       0.0151       6.0098       99.20        0.8713       83.17     
74       0.3164       0.0159       6.0094       99.14        0.8698       83.24     
75       0.3162       0.0158       6.0091       99.15        0.8680       83.40     
76       0.3163       0.0158       6.0103       99.19        0.8695       83.33     
77       0.3145       0.0140       6.0099       99.24        0.8684       83.33     
78       0.3160       0.0155       6.0093       99.14        0.8668       83.08     
79       0.3164       0.0159       6.0106       99.09        0.8687       83.36     
80       0.3154       0.0150       6.0081       99.11        0.8697       83.08     
81       0.3160       0.0154       6.0117       99.17        0.8686       83.31     
82       0.3148       0.0143       6.0107       99.18        0.8679       83.33     
83       0.3147       0.0142       6.0102       99.17        0.8684       83.38     
84       0.3170       0.0165       6.0097       99.12        0.8701       83.15     
85       0.3154       0.0149       6.0110       99.25        0.8697       83.31     
86       0.3152       0.0147       6.0092       99.20        0.8668       83.22     
87       0.3162       0.0157       6.0100       99.21        0.8686       83.26     
88       0.3156       0.0151       6.0092       99.16        0.8681       83.26     
89       0.3176       0.0171       6.0108       99.09        0.8692       83.12     
90       0.3163       0.0158       6.0097       99.16        0.8660       83.17     
91       0.3144       0.0139       6.0097       99.18        0.8694       83.01     
92       0.3164       0.0159       6.0107       99.12        0.8679       83.24     
93       0.3167       0.0162       6.0107       99.10        0.8690       83.50     
94       0.3165       0.0160       6.0095       99.18        0.8675       83.26     
95       0.3165       0.0160       6.0097       99.14        0.8684       83.29     
96       0.3170       0.0165       6.0090       99.10        0.8697       83.08     
97       0.3158       0.0154       6.0095       99.10        0.8689       83.29     
98       0.3158       0.0154       6.0095       99.20        0.8688       83.33     
99       0.3156       0.0151       6.0102       99.10        0.8684       83.29     
100      0.3157       0.0153       6.0084       99.13        0.8692       83.31     

Best val accuracy: 83.59% at epoch 49

Test Loss: 0.8759 | Test Accuracy: 83.80%
