Training log: cross_attention_tf
============================================================
Loading occurrence data...
Loading multimedia data...
Image sources: 30208 local | 375 URL fallback
Before cleaning: 30583 samples
After cleaning: 28477 samples, 241 species
Train: 19933 | Val: 4272 | Test: 4272

Model:      cross_attention_tf
Device:     cuda
Epochs:     100
LR:         0.0001
Loss:       FocalLoss
Seed:       42
Checkpoint: checkpoints/best_model_cross_attention_tf.pth
Trainable parameters: 6,609,389

Epoch    Total Loss   Cls Loss     Con Loss     Train Acc    Val Loss     Val Acc   
--------------------------------------------------------------------------------
1        5.2370       4.9118       6.5042       9.69         4.5224       19.78     
2        4.1252       3.8062       6.3799       24.05        3.4852       32.07     
3        3.2902       2.9712       6.3787       36.42        2.8003       44.99     
4        2.6822       2.3635       6.3749       46.91        2.3132       52.55     
5        2.2386       1.9201       6.3697       53.87        1.9700       57.84     
6        1.8823       1.5642       6.3625       60.02        1.7160       62.24     
7        1.6075       1.2897       6.3567       65.12        1.5232       65.43     
8        1.3938       1.0765       6.3463       69.11        1.3737       68.73     
9        1.2106       0.8936       6.3405       72.77        1.2522       71.28     
10       1.0631       0.7467       6.3282       76.00        1.1763       72.75     
11       0.9481       0.6322       6.3172       78.47        1.1049       74.51     
12       0.8506       0.5352       6.3088       81.44        1.0658       75.63     
13       0.7674       0.4525       6.2971       83.09        1.0322       76.17     
14       0.7053       0.3910       6.2855       85.36        1.0054       77.13     
15       0.6383       0.3248       6.2706       87.22        0.9929       77.62     
16       0.5981       0.2852       6.2586       88.24        0.9713       78.82     
17       0.5601       0.2478       6.2458       89.74        0.9619       79.00     
18       0.5279       0.2161       6.2358       90.41        0.9606       79.17     
19       0.4955       0.1844       6.2220       91.68        0.9638       79.33     
20       0.4734       0.1629       6.2105       92.33        0.9703       78.96     
21       0.4591       0.1489       6.2035       93.00        0.9559       79.35     
22       0.4389       0.1294       6.1896       93.70        0.9669       79.19     
23       0.4288       0.1198       6.1785       94.04        0.9440       79.82     
24       0.4134       0.1049       6.1695       94.54        0.9367       79.92     
25       0.4020       0.0940       6.1599       95.22        0.9560       80.01     
26       0.3977       0.0901       6.1521       95.29        0.9700       79.45     
27       0.3888       0.0815       6.1453       95.72        0.9452       79.92     
28       0.3841       0.0774       6.1353       95.80        0.9559       80.17     
29       0.3823       0.0760       6.1251       95.88        0.9485       80.59     
30       0.3654       0.0594       6.1197       96.87        0.9245       81.20     
31       0.3587       0.0531       6.1125       97.17        0.9284       80.90     
32       0.3495       0.0443       6.1043       97.64        0.9151       81.18     
33       0.3499       0.0449       6.0997       97.59        0.9376       80.43     
34       0.3463       0.0417       6.0929       97.51        0.9119       81.20     
35       0.3426       0.0383       6.0868       97.89        0.9184       81.30     
36       0.3425       0.0385       6.0798       97.74        0.9155       81.46     
37       0.3407       0.0370       6.0739       97.98        0.9178       81.37     
38       0.3365       0.0332       6.0667       97.97        0.9276       81.09     
39       0.3364       0.0332       6.0623       98.09        0.9299       81.34     
40       0.3341       0.0313       6.0569       98.26        0.9195       81.39     
41       0.3298       0.0271       6.0529       98.41        0.9187       81.58     
42       0.3310       0.0285       6.0493       98.43        0.9085       81.58     
43       0.3256       0.0233       6.0446       98.60        0.9129       81.81     
44       0.3268       0.0247       6.0423       98.64        0.9101       81.74     
45       0.3261       0.0242       6.0383       98.64        0.9189       81.58     
46       0.3251       0.0234       6.0339       98.61        0.9048       82.09     
47       0.3243       0.0228       6.0289       98.66        0.9073       81.84     
48       0.3234       0.0222       6.0253       98.75        0.9030       81.95     
49       0.3224       0.0213       6.0214       98.84        0.9143       81.55     
50       0.3225       0.0217       6.0175       98.74        0.9137       82.02     
51       0.3213       0.0206       6.0145       98.83        0.9147       81.84     
52       0.3198       0.0193       6.0094       98.82        0.9242       81.34     
53       0.3214       0.0212       6.0052       98.69        0.9289       81.74     
54       0.3209       0.0207       6.0045       98.78        0.9206       82.23     
55       0.3173       0.0172       6.0018       98.96        0.9139       82.26     
56       0.3169       0.0169       5.9988       99.05        0.9115       82.35     
57       0.3187       0.0189       5.9963       98.89        0.9152       81.95     
58       0.3171       0.0174       5.9947       98.94        0.9155       82.12     
59       0.3176       0.0180       5.9932       98.90        0.9105       82.23     
60       0.3129       0.0133       5.9909       99.20        0.9129       82.12     
61       0.3176       0.0181       5.9903       99.00        0.9114       81.98     
62       0.3148       0.0153       5.9905       99.08        0.9075       82.23     
63       0.3157       0.0162       5.9895       99.06        0.9079       82.16     
64       0.3156       0.0162       5.9880       99.07        0.9062       82.19     
65       0.3149       0.0156       5.9866       99.15        0.9063       81.98     
66       0.3154       0.0160       5.9868       99.06        0.9091       81.95     
67       0.3138       0.0146       5.9854       99.20        0.9086       82.14     
68       0.3141       0.0149       5.9849       99.21        0.9074       82.26     
69       0.3142       0.0149       5.9857       99.15        0.9039       82.30     
70       0.3141       0.0148       5.9846       99.14        0.9042       82.42     
71       0.3130       0.0138       5.9844       99.16        0.9063       82.09     
72       0.3123       0.0131       5.9842       99.21        0.9065       82.28     
73       0.3134       0.0142       5.9829       99.18        0.9064       82.00     
74       0.3128       0.0137       5.9817       99.27        0.9078       81.93     
75       0.3148       0.0157       5.9822       99.03        0.9065       82.26     
76       0.3148       0.0156       5.9833       99.17        0.9094       81.91     
77       0.3143       0.0151       5.9826       99.09        0.9090       82.28     
78       0.3142       0.0150       5.9830       99.10        0.9047       82.30     
79       0.3144       0.0153       5.9828       99.09        0.9055       82.16     
80       0.3141       0.0150       5.9811       99.05        0.9066       81.98     
81       0.3127       0.0136       5.9814       99.23        0.9070       82.16     
82       0.3144       0.0153       5.9818       99.16        0.9062       82.12     
83       0.3129       0.0138       5.9820       99.24        0.9058       82.19     
84       0.3147       0.0156       5.9825       99.12        0.9064       81.98     
85       0.3137       0.0145       5.9822       99.10        0.9071       81.93     
86       0.3141       0.0150       5.9823       99.19        0.9048       82.26     
87       0.3141       0.0150       5.9833       99.13        0.9074       82.14     
88       0.3127       0.0135       5.9831       99.26        0.9094       82.21     
89       0.3140       0.0149       5.9819       99.18        0.9075       81.93     
90       0.3128       0.0136       5.9832       99.19        0.9050       82.26     
91       0.3137       0.0146       5.9825       99.15        0.9084       82.14     
92       0.3133       0.0142       5.9831       99.23        0.9077       82.33     
93       0.3130       0.0139       5.9825       99.18        0.9078       82.02     
94       0.3160       0.0169       5.9827       99.07        0.9052       82.42     
95       0.3125       0.0134       5.9812       99.17        0.9070       82.28     
96       0.3134       0.0143       5.9828       99.24        0.9101       82.05     
97       0.3122       0.0131       5.9816       99.26        0.9059       82.00     
98       0.3118       0.0127       5.9820       99.24        0.9097       82.26     
99       0.3139       0.0148       5.9828       99.20        0.9064       82.05     
100      0.3126       0.0135       5.9820       99.17        0.9073       81.95     

Best val accuracy: 82.42% at epoch 70

Test Loss: 0.9203 | Test Accuracy: 82.19%
